,0
0,290.66806868521815
1,339.97010083803536
2,389.584673291096
3,440.4150881840642
4,492.1098564963271
5,544.8057481149319
6,598.449543733141
7,653.0619518173485
8,708.6349143787024
9,765.1715669069632
10,822.6706893339208
11,881.1327564072386
12,940.5575833951597
13,1000.9452421797062
14,1062.2957047904565
15,1124.6089821111402
16,1187.8850699067275
17,1252.1239698251347
18,1317.3256812251318
19,1383.4902043562315
20,1450.6175391213446
21,1518.70768555825
22,1587.7606436522472
23,1657.7764134090564
24,1728.754994826452
25,1800.6963879052998
26,1873.6005926452629
27,1947.4676090464723
28,2022.2974371088774
29,2098.0900768324977
30,2174.8455282173254
31,2252.563791263364
32,2331.2448659706115
33,2410.888752339069
34,2491.4954503687363
35,2573.0649600596134
36,2655.5972814117004
37,2739.092414424997
38,2823.550359099503
39,2908.971115435219
40,2995.3546834321446
41,3082.70106309028
42,3171.0102544096253
43,3260.28225739018
44,3350.5170720319443
45,3441.7146983349185
46,3533.8751362991025
47,3626.9983859244962
48,3721.0844472110994
49,3816.1333201589127
50,3912.1450047679355
